*Heading
 C:\_testkonv\spec\msh\surq1.inp
*Node
1, 0, 0, 0
2, 10, 0, 0
3, 10, 2, 0
4, 0, 2, 0
5, 0.2777777777775433, 0, 0
6, 0.5555555555549697, 0, 0
7, 0.8333333333326023, 0, 0
8, 1.111111111110223, 0, 0
9, 1.388888888887482, 0, 0
10, 1.666666666664397, 0, 0
11, 1.94444444444137, 0, 0
12, 2.222222222218401, 0, 0
13, 2.499999999995381, 0, 0
14, 2.777777777772283, 0, 0
15, 3.05555555554931, 0, 0
16, 3.33333333332627, 0, 0
17, 3.611111111103715, 0, 0
18, 3.888888888881122, 0, 0
19, 4.166666666658638, 0, 0
20, 4.444444444436009, 0, 0
21, 4.722222222213643, 0, 0
22, 4.999999999991233, 0, 0
23, 5.277777777770157, 0, 0
24, 5.555555555548811, 0, 0
25, 5.83333333332733, 0, 0
26, 6.111111111105729, 0, 0
27, 6.388888888883745, 0, 0
28, 6.666666666661615, 0, 0
29, 6.944444444440027, 0, 0
30, 7.222222222217964, 0, 0
31, 7.49999999999639, 0, 0
32, 7.777777777774418, 0, 0
33, 8.055555555553319, 0, 0
34, 8.33333333333227, 0, 0
35, 8.611111111109832, 0, 0
36, 8.888888888887209, 0, 0
37, 9.166666666665872, 0, 0
38, 9.444444444444203, 0, 0
39, 9.722222222222234, 0, 0
40, 10, 0.4999999999988166, 0
41, 10, 0.9999999999973436, 0
42, 10, 1.499999999998672, 0
43, 9.722222222222417, 2, 0
44, 9.444444444444804, 2, 0
45, 9.166666666666981, 2, 0
46, 8.888888888888886, 2, 0
47, 8.611111111110729, 2, 0
48, 8.333333333332904, 2, 0
49, 8.055555555555364, 2, 0
50, 7.777777777777773, 2, 0
51, 7.500000000000379, 2, 0
52, 7.222222222222786, 2, 0
53, 6.944444444444569, 2, 0
54, 6.66666666666666, 2, 0
55, 6.388888888888799, 2, 0
56, 6.111111111110887, 2, 0
57, 5.833333333333466, 2, 0
58, 5.555555555555547, 2, 0
59, 5.277777777778772, 2, 0
60, 5.000000000002073, 2, 0
61, 4.722222222223299, 2, 0
62, 4.444444444444432, 2, 0
63, 4.166666666666611, 2, 0
64, 3.888888888888699, 2, 0
65, 3.611111111111097, 2, 0
66, 3.33333333333332, 2, 0
67, 3.055555555555474, 2, 0
68, 2.777777777777628, 2, 0
69, 2.499999999999918, 2, 0
70, 2.222222222222206, 2, 0
71, 1.944444444444319, 2, 0
72, 1.666666666666924, 2, 0
73, 1.388888888888847, 2, 0
74, 1.111111111111102, 2, 0
75, 0.8333333333332664, 2, 0
76, 0.555555555555534, 2, 0
77, 0.2777777777777253, 2, 0
78, 0, 1.500000000000826, 0
79, 0, 1.000000000002661, 0
80, 0, 0.5000000000013305, 0
81, 1.907938871513417, 0.9163778992152799, 0
82, 2.829397608218387, 0.9870480168072989, 0
83, 8.548356414043409, 0.8550078241631388, 0
84, 5.330790726675998, 1.134221029048819, 0
85, 3.95363358054284, 1.013337637919772, 0
86, 7.50243808439209, 1.112259847794906, 0
87, 6.331313096224757, 0.768129612943958, 0
88, 5.085731539485665, 1.61401283500417, 0
89, 4.529820112514124, 0.5196452889394541, 0
90, 9.077872023421502, 1.103295500408175, 0
91, 8.979479734128571, 0.4723555000039261, 0
92, 2.287985341122269, 0.4935460096944105, 0
93, 3.369958107626362, 0.5003389679482169, 0
94, 5.847414777852201, 1.58692976378532, 0
95, 8.01339421790985, 1.591396070821277, 0
96, 7.93720756446553, 0.493768637295625, 0
97, 7.249034856422731, 1.580233416949121, 0
98, 2.807909906722619, 1.486771314530588, 0
99, 3.930470791586414, 1.510419108560247, 0
100, 6.765800508432476, 0.4693406545359981, 0
101, 5.724941756424459, 0.4730945367355371, 0
102, 1.624025011374388, 1.314278581897252, 0
103, 1.167686543171464, 0.6487380056279697, 0
104, 2.819252488623849, 0.4946099373021561, 0
105, 5.490619283871496, 1.725923868288371, 0
106, 3.363605816312781, 1.4992720075126, 0
107, 4.513477789144922, 1.53811789278896, 0
108, 5.144159667004804, 0.5172195660407837, 0
109, 8.464860100929627, 0.4832857856391075, 0
110, 8.518069152142529, 1.449893467487388, 0
111, 6.238848570437284, 0.4412085909447685, 0
112, 7.681287338113903, 1.719619253744759, 0
113, 3.937618914953917, 0.5080247619304481, 0
114, 7.355380780157636, 0.5050150028916334, 0
115, 6.500214171350168, 1.402775493783736, 0
116, 2.256631339778706, 1.451497314956473, 0
117, 1.778131255599019, 0.5303033162997647, 0
118, 9.283267821877962, 0.5773956231579788, 0
119, 1.130478576134592, 1.508715844087367, 0
120, 0.6695233083488292, 1.139279566043368, 0
121, 0.6969211191901973, 0.3897830337834742, 0
122, 0.4898869366205971, 0.5250244174830899, 0
123, 2.30583142580437, 0.9618541739725472, 0
124, 8.16166777580902, 0.969919630724941, 0
125, 3.3806149231659, 0.99975296268098, 0
126, 5.982971534334322, 0.9218045248267551, 0
127, 6.756098164925864, 0.9171523564191244, 0
128, 4.564423659881179, 1.043639311989406, 0
129, 8.72410211715084, 0.9406622841947455, 0
130, 8.517016362271162, 0.6999105381623614, 0
131, 8.725757852643156, 0.4863012234806444, 0
132, 9.037845618841368, 0.7138086738384208, 0
133, 8.759300797247477, 0.7194100299054484, 0
134, 5.70456048165984, 1.014116271169101, 0
135, 5.226069294173544, 0.7936430806380463, 0
136, 5.4441234799371, 0.4991191471812133, 0
137, 5.833889691655935, 0.7013634330128433, 0
138, 5.550496617497162, 0.7560244136163348, 0
139, 7.877126898960006, 1.030463653183828, 0
140, 7.421109124982099, 0.7746536088858352, 0
141, 7.652768299498193, 0.5038374361243864, 0
142, 8.033362887830863, 0.7344952020277895, 0
143, 7.744087397711953, 0.764441839416435, 0
144, 5.518562143993086, 1.841617273256733, 0
145, 5.627896474748934, 1.667388031311595, 0
146, 5.995691900621773, 1.79089742819275, 0
147, 5.746465012825698, 1.825282456525126, 0
148, 2.800582731208082, 0.2476588982034408, 0
149, 2.549462666197376, 0.4924298166565576, 0
150, 2.257144310589788, 0.2492279212295732, 0
151, 2.527770146665455, 0.2473494088221118, 0
152, 4.47818423139851, 1.771371299551261, 0
153, 4.806515634961192, 1.568604615077081, 0
154, 5.03283070313491, 1.808340166692415, 0
155, 4.759913994535148, 1.78654094166077, 0
156, 4.557348345881487, 0.7829101698353325, 0
157, 4.835707924680961, 0.5232164941574755, 0
158, 4.900596374409846, 1.074774136150632, 0
159, 4.885059409071616, 0.7971450087735837, 0
160, 5.07079714021324, 0.2560777023622229, 0
161, 4.489387224302735, 0.2588240572609731, 0
162, 4.780065711112001, 0.2593821454477235, 0
163, 8.400372761992736, 0.2445784925776998, 0
164, 8.204297647531517, 0.4830962208257191, 0
165, 7.854820097083779, 0.2475870052167747, 0
166, 8.12975761572932, 0.2451854549942886, 0
167, 2.306403187848764, 0.7299489566619751, 0
168, 2.828384629224757, 0.740554737837236, 0
169, 2.56205412969924, 0.9767593845251468, 0
170, 2.562309286867132, 0.7349206829639968, 0
171, 3.915513596968693, 0.2540913781204182, 0
172, 3.651635897314315, 0.5036998259990431, 0
173, 3.353515797168564, 0.2502589324691699, 0
174, 3.633008078552088, 0.252007625832349, 0
175, 3.379741759262398, 0.7501333980629275, 0
176, 3.951324393049755, 0.7612718106547067, 0
177, 3.66377757755793, 1.005691607604634, 0
178, 3.661617661844185, 0.7551619055589857, 0
179, 7.721606410562413, 1.838034550915319, 0
180, 7.810240187643993, 1.663064453075453, 0
181, 8.182941408206252, 1.79452523028136, 0
182, 7.945634132451763, 1.82513830802866, 0
183, 6.591837319139362, 1.734571556617331, 0
184, 6.928335280441432, 1.500679080979678, 0
185, 7.218448370884094, 1.788761055106185, 0
186, 6.916171488396026, 1.75228427744968, 0
187, 7.336956815467446, 1.370976977289473, 0
188, 7.804638597325883, 1.381872921217117, 0
189, 7.511657586870963, 1.659526587976718, 0
190, 7.61376747698076, 1.512056178199225, 0
191, 5.176453877814566, 1.407662640686245, 0
192, 5.642218931054271, 1.382874768499709, 0
193, 5.329713418021257, 1.675838360812013, 0
194, 5.441406855719217, 1.525381447097693, 0
195, 6.783718298369196, 0.6966926110378071, 0
196, 7.054533731329206, 0.4912665318644321, 0
197, 7.076355704767003, 1.003850506219747, 0
198, 7.088201370660894, 0.7452102965440006, 0
199, 7.288912736674085, 0.249831696989628, 0
200, 6.720821031392307, 0.2355715279853068, 0
201, 7.002572322449348, 0.2441476110420689, 0
202, 3.349157304789587, 1.749544206758278, 0
203, 3.645223123132152, 1.504134639866816, 0
204, 3.910611371768024, 1.75606782611246, 0
205, 3.629010654258992, 1.752290555419522, 0
206, 6.176559871830107, 0.2253846264233533, 0
207, 5.986671620449921, 0.4501024604503275, 0
208, 5.636247420268724, 0.2377268953984374, 0
209, 5.908281383732738, 0.2289650588080186, 0
210, 2.235458728702779, 1.721011674767925, 0
211, 2.532762322479176, 1.473936104706154, 0
212, 2.792968268773621, 1.74207347349549, 0
213, 2.515357459352826, 1.73448225711795, 0
214, 8.327924976125324, 1.202649863764145, 0
215, 8.256949005885346, 1.522691511024139, 0
216, 8.060625900312065, 1.283454852914252, 0
217, 6.666189754795198, 1.134724462660232, 0
218, 7.001872052940526, 1.253290527575333, 0
219, 6.190114422547386, 1.13763924091399, 0
220, 6.125499840137783, 1.504137259273125, 0
221, 5.915857091618868, 1.260300781046519, 0
222, 3.945739768489179, 1.263437508354025, 0
223, 3.374601728757917, 1.249436785527679, 0
224, 3.657391059157099, 1.255551323499479, 0
225, 4.545649568624192, 1.297349129077516, 0
226, 4.863463805994023, 1.334460060026826, 0
227, 6.495938549745985, 0.8309712439168804, 0
228, 6.294439542777457, 0.6348806947918915, 0
229, 6.494237588876326, 0.4486845269622176, 0
230, 6.520316996369728, 0.6525129000901195, 0
231, 8.394816333706453, 0.905089678256879, 0
232, 8.285028777838631, 0.7050923639479714, 0
233, 4.252351961982942, 1.024928754797232, 0
234, 4.22922494421288, 0.5137607455987444, 0
235, 4.247863808229465, 0.7705731677136197, 0
236, 3.101972673757806, 0.993996574565257, 0
237, 3.091755362537963, 0.4973053595129531, 0
238, 3.101525400066567, 0.7456272503675906, 0
239, 6.199409679067871, 0.833544647539647, 0
240, 6.389915719600158, 0.9910614687080344, 0
241, 6.07581941175085, 0.6541513527641111, 0
242, 2.820842960429732, 1.234878135578822, 0
243, 3.084601831728619, 1.494094267953991, 0
244, 3.096111325284298, 1.243366336420994, 0
245, 4.219950993452885, 1.52123496217149, 0
246, 4.241149937915982, 1.27572482341407, 0
247, 8.781703130878505, 1.340919988302533, 0
248, 8.565184123747031, 1.098951208717333, 0
249, 8.706947347541293, 1.716095536752019, 0
250, 9.29357893986252, 1.566015798089106, 0
251, 8.986360462869838, 1.652072474771355, 0
252, 9.399611878862691, 0.317743856002311, 0
253, 9.142427569061658, 0.4329488559541929, 0
254, 8.928014662911741, 0.241823862918987, 0
255, 9.165781145471353, 0.2533898421536271, 0
256, 1.122272298153586, 1.714243375402679, 0
257, 1.306111870898011, 1.430100253834392, 0
258, 1.652734282021992, 1.689642766299013, 0
259, 1.372614187221075, 1.707270010307572, 0
260, 2.072248915691719, 0.939021289706143, 0
261, 1.848983098636956, 0.7609795760628867, 0
262, 2.031591161999601, 0.5028321937719865, 0
263, 2.066903714811655, 0.7310243803360019, 0
264, 1.805289499693765, 1.048115162243194, 0
265, 2.285224489670899, 1.198386607090671, 0
266, 1.973481384169326, 1.408093307388677, 0
267, 2.029417541111323, 1.15381931587, 0
268, 2.550084055342421, 1.221759583223852, 0
269, 1.718073061293179, 0.2698617073465165, 0
270, 1.510800682585913, 0.5797200041288322, 0
271, 1.148264491792675, 0.2881154921381247, 0
272, 1.43786148060758, 0.2882281501961603, 0
273, 1.988440538143426, 0.2558108700076072, 0
274, 1.948022841962057, 1.699898983700184, 0
275, 5.357041190631696, 0.2481944679416639, 0
276, 5.287154583017472, 1.832300120977412, 0
277, 3.075809468276944, 0.2488039700835727, 0
278, 3.070621230300068, 1.746553547365849, 0
279, 4.193980559677438, 1.761763789940559, 0
280, 8.439202730124313, 1.759497557579703, 0
281, 8.667702404301302, 0.2433852003479092, 0
282, 6.445537847318058, 0.2276961429373178, 0
283, 7.485940357359973, 1.822408282093067, 0
284, 4.200678146677875, 0.2566106517220353, 0
285, 6.277549625864923, 1.753848651386957, 0
286, 7.574082130881786, 0.2502771225477675, 0
287, 1.391105440848539, 0.9935008931859103, 0
288, 1.631105519810748, 0.8491360998641473, 0
289, 9.544585643159602, 0.9148477761565627, 0
290, 0.8577209044909951, 0.4819351338770609, 0
291, 0.6440853870297598, 0.2283153792115245, 0
292, 0.8759265700485542, 0.2545982137256542, 0
293, 0.5945650604506747, 0.4567647025667667, 0
294, 0.9340381438589394, 0.9017474374848691, 0
295, 0.5449176627180921, 0.7337911684562504, 0
296, 0.7408075448144051, 0.6547694322334712, 0
297, 0.9665095759008345, 1.383526608680718, 0
298, 1.147939467993501, 1.168224533509101, 0
299, 0.5979553414212185, 1.596449155483809, 0
300, 0.8744315115084189, 1.668032765528453, 0
301, 0.3229498162316137, 0.3816644794973473, 0
302, 0.451771135179194, 0.2538566671170199, 0
303, 9.679475258034378, 0.4116564061310272, 0
304, 0.3052989151664018, 1.0856730994089, 0
305, 0.2920146756804206, 0.6719784328276588, 0
306, 0.298940963346504, 1.54173461629238, 0
307, 9.637827635253499, 1.505526532384264, 0
*Element, type=C1D2, ELSET=CURVE1
1, 1, 5
2, 5, 6
3, 6, 7
4, 7, 8
5, 8, 9
6, 9, 10
7, 10, 11
8, 11, 12
9, 12, 13
10, 13, 14
11, 14, 15
12, 15, 16
13, 16, 17
14, 17, 18
15, 18, 19
16, 19, 20
17, 20, 21
18, 21, 22
19, 22, 23
20, 23, 24
21, 24, 25
22, 25, 26
23, 26, 27
24, 27, 28
25, 28, 29
26, 29, 30
27, 30, 31
28, 31, 32
29, 32, 33
30, 33, 34
31, 34, 35
32, 35, 36
33, 36, 37
34, 37, 38
35, 38, 39
36, 39, 2
*Element, type=C1D2, ELSET=CURVE2
37, 2, 40
38, 40, 41
39, 41, 42
40, 42, 3
*Element, type=C1D2, ELSET=CURVE3
41, 3, 43
42, 43, 44
43, 44, 45
44, 45, 46
45, 46, 47
46, 47, 48
47, 48, 49
48, 49, 50
49, 50, 51
50, 51, 52
51, 52, 53
52, 53, 54
53, 54, 55
54, 55, 56
55, 56, 57
56, 57, 58
57, 58, 59
58, 59, 60
59, 60, 61
60, 61, 62
61, 62, 63
62, 63, 64
63, 64, 65
64, 65, 66
65, 66, 67
66, 67, 68
67, 68, 69
68, 69, 70
69, 70, 71
70, 71, 72
71, 72, 73
72, 73, 74
73, 74, 75
74, 75, 76
75, 76, 77
76, 77, 4
*Element, type=C1D2, ELSET=CURVE4
77, 4, 78
78, 78, 79
79, 79, 80
80, 80, 1
*Element, type=C2D4, ELSET=SURFACE6
81, 90, 129, 133, 132
82, 129, 83, 130, 133
83, 133, 130, 109, 131
84, 132, 133, 131, 91
85, 126, 134, 138, 137
86, 134, 84, 135, 138
87, 138, 135, 108, 136
88, 137, 138, 136, 101
89, 124, 139, 143, 142
90, 139, 86, 140, 143
91, 143, 140, 114, 141
92, 142, 143, 141, 96
93, 56, 57, 147, 146
94, 57, 58, 144, 147
95, 147, 144, 105, 145
96, 146, 147, 145, 94
97, 12, 13, 151, 150
98, 13, 14, 148, 151
99, 151, 148, 104, 149
100, 150, 151, 149, 92
101, 60, 61, 155, 154
102, 61, 62, 152, 155
103, 155, 152, 107, 153
104, 154, 155, 153, 88
105, 128, 156, 159, 158
106, 156, 89, 157, 159
107, 159, 157, 108, 135
108, 158, 159, 135, 84
109, 20, 21, 162, 161
110, 21, 22, 160, 162
111, 162, 160, 108, 157
112, 161, 162, 157, 89
113, 32, 33, 166, 165
114, 33, 34, 163, 166
115, 166, 163, 109, 164
116, 165, 166, 164, 96
117, 123, 167, 170, 169
118, 167, 92, 149, 170
119, 170, 149, 104, 168
120, 169, 170, 168, 82
121, 16, 17, 174, 173
122, 17, 18, 171, 174
123, 174, 171, 113, 172
124, 173, 174, 172, 93
125, 125, 175, 178, 177
126, 175, 93, 172, 178
127, 178, 172, 113, 176
128, 177, 178, 176, 85
129, 48, 49, 182, 181
130, 49, 50, 179, 182
131, 182, 179, 112, 180
132, 181, 182, 180, 95
133, 52, 53, 186, 185
134, 53, 54, 183, 186
135, 186, 183, 115, 184
136, 185, 186, 184, 97
137, 97, 187, 190, 189
138, 187, 86, 188, 190
139, 190, 188, 95, 180
140, 189, 190, 180, 112
141, 88, 191, 194, 193
142, 191, 84, 192, 194
143, 194, 192, 94, 145
144, 193, 194, 145, 105
145, 127, 195, 198, 197
146, 195, 100, 196, 198
147, 198, 196, 114, 140
148, 197, 198, 140, 86
149, 28, 29, 201, 200
150, 29, 30, 199, 201
151, 201, 199, 114, 196
152, 200, 201, 196, 100
153, 64, 65, 205, 204
154, 65, 66, 202, 205
155, 205, 202, 106, 203
156, 204, 205, 203, 99
157, 24, 25, 209, 208
158, 25, 26, 206, 209
159, 209, 206, 111, 207
160, 208, 209, 207, 101
161, 68, 69, 213, 212
162, 69, 70, 210, 213
163, 213, 210, 116, 211
164, 212, 213, 211, 98
165, 86, 139, 216, 188
166, 139, 124, 214, 216
167, 216, 214, 110, 215
168, 188, 216, 215, 95
169, 86, 187, 218, 197
170, 187, 97, 184, 218
171, 218, 184, 115, 217
172, 197, 218, 217, 127
173, 84, 134, 221, 192
174, 134, 126, 219, 221
175, 221, 219, 115, 220
176, 192, 221, 220, 94
177, 85, 222, 224, 177
178, 222, 99, 203, 224
179, 224, 203, 106, 223
180, 177, 224, 223, 125
181, 84, 191, 226, 158
182, 191, 88, 153, 226
183, 226, 153, 107, 225
184, 158, 226, 225, 128
185, 100, 195, 230, 229
186, 195, 127, 227, 230
187, 230, 227, 87, 228
188, 229, 230, 228, 111
189, 96, 164, 232, 142
190, 164, 109, 130, 232
191, 232, 130, 83, 231
192, 142, 232, 231, 124
193, 89, 156, 235, 234
194, 156, 128, 233, 235
195, 235, 233, 85, 176
196, 234, 235, 176, 113
197, 93, 175, 238, 237
198, 175, 125, 236, 238
199, 238, 236, 82, 168
200, 237, 238, 168, 104
201, 127, 217, 240, 227
202, 217, 115, 219, 240
203, 240, 219, 126, 239
204, 227, 240, 239, 87
205, 101, 207, 241, 137
206, 207, 111, 228, 241
207, 241, 228, 87, 239
208, 137, 241, 239, 126
209, 98, 242, 244, 243
210, 242, 82, 236, 244
211, 244, 236, 125, 223
212, 243, 244, 223, 106
213, 99, 222, 246, 245
214, 222, 85, 233, 246
215, 246, 233, 128, 225
216, 245, 246, 225, 107
217, 124, 231, 248, 214
218, 231, 83, 129, 248
219, 248, 129, 90, 247
220, 214, 248, 247, 110
221, 44, 45, 251, 250
222, 45, 46, 249, 251
223, 251, 249, 110, 247
224, 250, 251, 247, 90
225, 36, 37, 255, 254
226, 37, 38, 252, 255
227, 255, 252, 118, 253
228, 254, 255, 253, 91
229, 72, 73, 259, 258
230, 73, 74, 256, 259
231, 259, 256, 119, 257
232, 258, 259, 257, 102
233, 92, 167, 263, 262
234, 167, 123, 260, 263
235, 263, 260, 81, 261
236, 262, 263, 261, 117
237, 102, 264, 267, 266
238, 264, 81, 260, 267
239, 267, 260, 123, 265
240, 266, 267, 265, 116
241, 82, 242, 268, 169
242, 242, 98, 211, 268
243, 268, 211, 116, 265
244, 169, 268, 265, 123
245, 8, 9, 272, 271
246, 9, 10, 269, 272
247, 272, 269, 117, 270
248, 271, 272, 270, 103
249, 92, 262, 273, 150
250, 262, 117, 269, 273
251, 273, 269, 10, 11
252, 150, 273, 11, 12
253, 102, 266, 274, 258
254, 266, 116, 210, 274
255, 274, 210, 70, 71
256, 258, 274, 71, 72
257, 101, 136, 275, 208
258, 136, 108, 160, 275
259, 275, 160, 22, 23
260, 208, 275, 23, 24
261, 88, 193, 276, 154
262, 193, 105, 144, 276
263, 276, 144, 58, 59
264, 154, 276, 59, 60
265, 93, 237, 277, 173
266, 237, 104, 148, 277
267, 277, 148, 14, 15
268, 173, 277, 15, 16
269, 98, 243, 278, 212
270, 243, 106, 202, 278
271, 278, 202, 66, 67
272, 212, 278, 67, 68
273, 99, 245, 279, 204
274, 245, 107, 152, 279
275, 279, 152, 62, 63
276, 204, 279, 63, 64
277, 95, 215, 280, 181
278, 215, 110, 249, 280
279, 280, 249, 46, 47
280, 181, 280, 47, 48
281, 91, 131, 281, 254
282, 131, 109, 163, 281
283, 281, 163, 34, 35
284, 254, 281, 35, 36
285, 100, 229, 282, 200
286, 229, 111, 206, 282
287, 282, 206, 26, 27
288, 200, 282, 27, 28
289, 97, 189, 283, 185
290, 189, 112, 179, 283
291, 283, 179, 50, 51
292, 185, 283, 51, 52
293, 89, 234, 284, 161
294, 234, 113, 171, 284
295, 284, 171, 18, 19
296, 161, 284, 19, 20
297, 94, 220, 285, 146
298, 220, 115, 183, 285
299, 285, 183, 54, 55
300, 146, 285, 55, 56
301, 96, 141, 286, 165
302, 141, 114, 199, 286
303, 286, 199, 30, 31
304, 165, 286, 31, 32
305, 102, 287, 288, 264
306, 287, 103, 270, 288
307, 288, 270, 117, 261
308, 264, 288, 261, 81
309, 90, 132, 118, 289
310, 132, 91, 253, 118
311, 103, 290, 292, 271
312, 290, 121, 291, 292
313, 292, 291, 6, 7
314, 271, 292, 7, 8
315, 122, 293, 296, 295
316, 293, 121, 290, 296
317, 296, 290, 103, 294
318, 295, 296, 294, 120
319, 103, 287, 298, 294
320, 287, 102, 257, 298
321, 298, 257, 119, 297
322, 294, 298, 297, 120
323, 74, 75, 300, 256
324, 75, 76, 299, 300
325, 300, 299, 120, 297
326, 256, 300, 297, 119
327, 1, 5, 302, 301
328, 5, 6, 291, 302
329, 302, 291, 121, 293
330, 301, 302, 293, 122
331, 38, 39, 303, 252
332, 39, 2, 40, 303
333, 303, 40, 41, 289
334, 252, 303, 289, 118
335, 120, 304, 305, 295
336, 304, 79, 80, 305
337, 305, 80, 1, 301
338, 295, 305, 301, 122
339, 76, 77, 306, 299
340, 77, 4, 78, 306
341, 306, 78, 79, 304
342, 299, 306, 304, 120
343, 3, 43, 307, 42
344, 43, 44, 250, 307
345, 307, 250, 90, 289
346, 42, 307, 289, 41
